48.75
49.50
49.50
50.25
49.75
49.75
49.50
51.00
49.00
49.75
50.50
50.50
50.25
50.50
50.00
50.75
49.25
50.75
51.25
51.00
51.25
50.75
50.25
50.25
49.00
50.75
51.00
51.75
51.25
50.75
50.75
50.50
49.50
50.75
51.25
51.75
51.50
51.00
50.25
50.50
49.00
50.00
51.25
51.25
50.75
50.75
50.00
50.50
48.75
49.50
50.00
50.25
50.00
49.50
49.00
49.75
48.25
48.25
48.25
48.00
48.50
48.25
47.75
48.75
